project: ORL_optimizer
group: env
name: env_train_offline
dataset_name: walker2d-expert-v2
chkpt_path_nar: TORL/config/walker2d/walker2d_expert_v2_nar.pt
chkpt_path_ar: TORL/config/walker2d/walker2d_expert_v2_ar.pt
load_chkpt: false
save_chkpt_per: 200
sequence_num: 3
out_state_num: 1
hidden_dim: 128
future_num: 100
num_epochs: 20000
eval_episodes: 100
batch_size: 128
dynamics_lr: 1e-4
dynamics_weight_decay: 1e-6
eval_seed: 42
train_seed:  0
eval_randomize: false
train_randomize: false
is_ar: false
holdout_per: 5
holdout_num: 5
holdout_randomize: false
use_gru_update: true
state_mean: 1.2294476,0.16869512,-0.070926175,-0.16206022,0.37078792,-0.0121987425,-0.42454463,0.1900947,3.1622825,-0.018145341,0.03489556,-0.014522394,-0.05927594,-0.19530429,-0.001854405,-0.061081916,-0.27319464
state_std: 0.09932247,0.25981924,0.15066291,0.24249935,0.67597985,0.1650479,0.38141313,0.6962343,1.3502052,0.76421404,1.5348006,2.178446,3.276931,4.7667336,1.171848,4.0392075,5.8909817
reward_mean: 4.1587005
reward_std: 1.3462095
